8XD NumPy Coordinate Mapping — Omega Base-8 Mirror Lockfile
Root       : /Users/lj/Desktop/sky

Rule (decimal): scalar = clamp( 0.<reverse(|z| digits)> ) in [0,1)
Rule (octal)  : omega(s) = base-8 fractional digits
Mirror loop  : s -> omega_mirror_step(s) repeated

xyz = (0, 0, 1) → scalar      = 0.100000000000
           scalar_base8 = 0.0631463146314631
           vec14        = 0.100000, 0.080000, 0.060000, 0.040000, 0.020000, 0.010000, 0.005000, 0.005000, 0.010000, 0.020000, 0.040000, 0.060000, 0.080000, 0.100000
           omega_orbit  = 0.100000, 0.100000, 0.100000, 0.100000, 0.100000, 0.100000, 0.100000, 0.100000, 0.100000, 0.100000, 0.100000, 0.100000, 0.100000, 0.100000, 0.100000, 0.100000

xyz = (0, 0, 10) → scalar      = 0.010000000000
           scalar_base8 = 0.0050753412172702
           vec14        = 0.010000, 0.008000, 0.006000, 0.004000, 0.002000, 0.001000, 0.000500, 0.000500, 0.001000, 0.002000, 0.004000, 0.006000, 0.008000, 0.010000
           omega_orbit  = 0.010000, 0.010000, 0.010000, 0.010000, 0.010000, 0.010000, 0.010000, 0.010000, 0.010000, 0.010000, 0.010000, 0.010000, 0.010000, 0.010000, 0.010000, 0.010000

xyz = (0, 0, 369) → scalar      = 0.963000000000
           scalar_base8 = 0.7550345300406111
           vec14        = 0.963000, 0.770400, 0.577800, 0.385200, 0.192600, 0.096300, 0.048150, 0.048150, 0.096300, 0.192600, 0.385200, 0.577800, 0.770400, 0.963000
           omega_orbit  = 0.963000, 0.963000, 0.963000, 0.963000, 0.963000, 0.963000, 0.963000, 0.963000, 0.963000, 0.963000, 0.963000, 0.963000, 0.963000, 0.963000, 0.963000, 0.963000

xyz = (0, 0, 248) → scalar      = 0.842000000000
           scalar_base8 = 0.6570651767635544
           vec14        = 0.842000, 0.673600, 0.505200, 0.336800, 0.168400, 0.084200, 0.042100, 0.042100, 0.084200, 0.168400, 0.336800, 0.505200, 0.673600, 0.842000
           omega_orbit  = 0.842000, 0.842000, 0.842000, 0.842000, 0.842000, 0.842000, 0.842000, 0.842000, 0.842000, 0.842000, 0.842000, 0.842000, 0.842000, 0.842000, 0.842000, 0.842000
